##TITLE= Parameter file, TopSpin 4.0.3
##JCAMPDX= 5.0
##DATATYPE= Parameter Values
##ORIGIN= Bruker BioSpin GmbH
##OWNER= jens
$$ 2020-11-26 12:31:50.819 +0100  jens@IBG-4-bulu12L
$$ /opt/topspin4.0.3/exp/stan/nmr/lists/wave/user/SmCrp_BW50_RF9403_720u
$$ process /opt/topspin4.0.3/prog/mod/toolserver
##MINX= 0.00000000
##MAXX= 100.00000000
##MINY= 0.00125000
##MAXY= 359.16125000
##$SHAPE_ADDPHASE= 0
##$SHAPE_AMP= 100
##$SHAPE_BWFAC= 46.02
##$SHAPE_BWFAC50= 0
##$SHAPE_CALCBW= yes
##$SHAPE_CALCINTEG= yes
##$SHAPE_EXMODE= <Adiabatic>
##$SHAPE_EXPAND= <>
##$SHAPE_EXPANDCF= (0..143)
0 0 0 0 0 0 0 0 0 0 0 0 0 0 0 0 0 0 0 0 0 0 0 0 0 0 0 0 0 0 0 0 0 0 0 0
0 0 0 0 0 0 0 0 0 0 0 0 0 0 0 0 0 0 0 0 0 0 0 0 0 0 0 0 0 0 0 0 0 0 0 0
0 0 0 0 0 0 0 0 0 0 0 0 0 0 0 0 0 0 0 0 0 0 0 0 0 0 0 0 0 0 0 0 0 0 0 0
0 0 0 0 0 0 0 0 0 0 0 0 0 0 0 0 0 0 0 0 0 0 0 0 0 0 0 0 0 0 0 0 0 0 0 0
##$SHAPE_EXPFAC= 0
##$SHAPE_FRACEND= 0
##$SHAPE_FRACORG= 0
##$SHAPE_FRACSTART= 0
##$SHAPE_INTEGFAC= 0.07385224
##$SHAPE_KEEPRES= yes
##$SHAPE_LENGTH= 720
##$SHAPE_MAN= <>
##$SHAPE_MODE= 0
##$SHAPE_MODFREQ= 0
##$SHAPE_MODPHASE= 0
##$SHAPE_MODSCALE= 0
##$SHAPE_MODSW= 0
##$SHAPE_MODSWDIR= -1
##$SHAPE_NPOINTS= 1440
##$SHAPE_OFFS= <>
##$SHAPE_OFFSCOEFF= (0..95)
0 0 0 0 0 0 0 0 0 0 0 0 0 0 0 0 0 0 0 0 0 0 0 0 0 0 0 0 0 0 0 0 0 0 0 0
0 0 0 0 0 0 0 0 0 0 0 0 0 0 0 0 0 0 0 0 0 0 0 0 0 0 0 0 0 0 0 0 0 0 0 0
0 0 0 0 0 0 0 0 0 0 0 0 0 0 0 0 0 0 0 0 0 0 0 0
##$SHAPE_PARAMETER= <>
##$SHAPE_REPHFAC= 0
##$SHAPE_RES= 0
##$SHAPE_SCALEFAC= 1
##$SHAPE_SCALETYPE= 0
##$SHAPE_SPOAL= 0
##$SHAPE_SPOFFS= 0
##$SHAPE_SPOPH= 0
##$SHAPE_TOTROT= 90
##$SHAPE_TYPE= <Excitation>
##$SHAPE_USER_DEF= 0
##$SHAPE_VERSION= 2.1
##$SHL_ADDPHASE= (0..15)
0 0 0 0 0 0 0 0 0 0 0 0 0 0 0 0
##$SHL_ALIGNOFFSET= (0..15)
0 0 0 0 0 0 0 0 0 0 0 0 0 0 0 0
##$SHL_AMP= (0..15)
100 0 0 0 0 0 0 0 0 0 0 0 0 0 0 0
##$SHL_AMPFAC= (0..15)
0 0 0 0 0 0 0 0 0 0 0 0 0 0 0 0
##$SHL_BETA= (0..15)
0 0 0 0 0 0 0 0 0 0 0 0 0 0 0 0
##$SHL_BWFAC= (0..15)
46.02 0 0 0 0 0 0 0 0 0 0 0 0 0 0 0
##$SHL_CALCBW= (0..15)
yes yes yes yes yes yes yes yes yes yes yes yes yes yes yes yes
##$SHL_CALCINTEG= (0..15)
yes yes yes yes yes yes yes yes yes yes yes yes yes yes yes yes
##$SHL_CENTERAMP= (0..15)
0 0 0 0 0 0 0 0 0 0 0 0 0 0 0 0
##$SHL_CYCNUM= (0..15)
0 0 0 0 0 0 0 0 0 0 0 0 0 0 0 0
##$SHL_DIPOLCPL= (0..15)
0 0 0 0 0 0 0 0 0 0 0 0 0 0 0 0
##$SHL_ENDAMP= (0..15)
0 0 0 0 0 0 0 0 0 0 0 0 0 0 0 0
##$SHL_EXMODE= (0..15)
<Adiabatic> <> <> <> <> <> <> <> <> <> <> <> <> <> <> <>
##$SHL_EXPAND= (0..15)
<> <> <> <> <> <> <> <> <> <> <> <> <> <> <> <>
##$SHL_EXPANDCF0= (0..143)
0 0 0 0 0 0 0 0 0 0 0 0 0 0 0 0 0 0 0 0 0 0 0 0 0 0 0 0 0 0 0 0 0 0 0 0
0 0 0 0 0 0 0 0 0 0 0 0 0 0 0 0 0 0 0 0 0 0 0 0 0 0 0 0 0 0 0 0 0 0 0 0
0 0 0 0 0 0 0 0 0 0 0 0 0 0 0 0 0 0 0 0 0 0 0 0 0 0 0 0 0 0 0 0 0 0 0 0
0 0 0 0 0 0 0 0 0 0 0 0 0 0 0 0 0 0 0 0 0 0 0 0 0 0 0 0 0 0 0 0 0 0 0 0
##$SHL_EXPANDCF1= (0..143)
0 0 0 0 0 0 0 0 0 0 0 0 0 0 0 0 0 0 0 0 0 0 0 0 0 0 0 0 0 0 0 0 0 0 0 0
0 0 0 0 0 0 0 0 0 0 0 0 0 0 0 0 0 0 0 0 0 0 0 0 0 0 0 0 0 0 0 0 0 0 0 0
0 0 0 0 0 0 0 0 0 0 0 0 0 0 0 0 0 0 0 0 0 0 0 0 0 0 0 0 0 0 0 0 0 0 0 0
0 0 0 0 0 0 0 0 0 0 0 0 0 0 0 0 0 0 0 0 0 0 0 0 0 0 0 0 0 0 0 0 0 0 0 0
##$SHL_EXPANDCF10= (0..143)
0 0 0 0 0 0 0 0 0 0 0 0 0 0 0 0 0 0 0 0 0 0 0 0 0 0 0 0 0 0 0 0 0 0 0 0
0 0 0 0 0 0 0 0 0 0 0 0 0 0 0 0 0 0 0 0 0 0 0 0 0 0 0 0 0 0 0 0 0 0 0 0
0 0 0 0 0 0 0 0 0 0 0 0 0 0 0 0 0 0 0 0 0 0 0 0 0 0 0 0 0 0 0 0 0 0 0 0
0 0 0 0 0 0 0 0 0 0 0 0 0 0 0 0 0 0 0 0 0 0 0 0 0 0 0 0 0 0 0 0 0 0 0 0
##$SHL_EXPANDCF11= (0..143)
0 0 0 0 0 0 0 0 0 0 0 0 0 0 0 0 0 0 0 0 0 0 0 0 0 0 0 0 0 0 0 0 0 0 0 0
0 0 0 0 0 0 0 0 0 0 0 0 0 0 0 0 0 0 0 0 0 0 0 0 0 0 0 0 0 0 0 0 0 0 0 0
0 0 0 0 0 0 0 0 0 0 0 0 0 0 0 0 0 0 0 0 0 0 0 0 0 0 0 0 0 0 0 0 0 0 0 0
0 0 0 0 0 0 0 0 0 0 0 0 0 0 0 0 0 0 0 0 0 0 0 0 0 0 0 0 0 0 0 0 0 0 0 0
##$SHL_EXPANDCF12= (0..143)
0 0 0 0 0 0 0 0 0 0 0 0 0 0 0 0 0 0 0 0 0 0 0 0 0 0 0 0 0 0 0 0 0 0 0 0
0 0 0 0 0 0 0 0 0 0 0 0 0 0 0 0 0 0 0 0 0 0 0 0 0 0 0 0 0 0 0 0 0 0 0 0
0 0 0 0 0 0 0 0 0 0 0 0 0 0 0 0 0 0 0 0 0 0 0 0 0 0 0 0 0 0 0 0 0 0 0 0
0 0 0 0 0 0 0 0 0 0 0 0 0 0 0 0 0 0 0 0 0 0 0 0 0 0 0 0 0 0 0 0 0 0 0 0
##$SHL_EXPANDCF13= (0..143)
0 0 0 0 0 0 0 0 0 0 0 0 0 0 0 0 0 0 0 0 0 0 0 0 0 0 0 0 0 0 0 0 0 0 0 0
0 0 0 0 0 0 0 0 0 0 0 0 0 0 0 0 0 0 0 0 0 0 0 0 0 0 0 0 0 0 0 0 0 0 0 0
0 0 0 0 0 0 0 0 0 0 0 0 0 0 0 0 0 0 0 0 0 0 0 0 0 0 0 0 0 0 0 0 0 0 0 0
0 0 0 0 0 0 0 0 0 0 0 0 0 0 0 0 0 0 0 0 0 0 0 0 0 0 0 0 0 0 0 0 0 0 0 0
##$SHL_EXPANDCF14= (0..143)
0 0 0 0 0 0 0 0 0 0 0 0 0 0 0 0 0 0 0 0 0 0 0 0 0 0 0 0 0 0 0 0 0 0 0 0
0 0 0 0 0 0 0 0 0 0 0 0 0 0 0 0 0 0 0 0 0 0 0 0 0 0 0 0 0 0 0 0 0 0 0 0
0 0 0 0 0 0 0 0 0 0 0 0 0 0 0 0 0 0 0 0 0 0 0 0 0 0 0 0 0 0 0 0 0 0 0 0
0 0 0 0 0 0 0 0 0 0 0 0 0 0 0 0 0 0 0 0 0 0 0 0 0 0 0 0 0 0 0 0 0 0 0 0
##$SHL_EXPANDCF15= (0..143)
0 0 0 0 0 0 0 0 0 0 0 0 0 0 0 0 0 0 0 0 0 0 0 0 0 0 0 0 0 0 0 0 0 0 0 0
0 0 0 0 0 0 0 0 0 0 0 0 0 0 0 0 0 0 0 0 0 0 0 0 0 0 0 0 0 0 0 0 0 0 0 0
0 0 0 0 0 0 0 0 0 0 0 0 0 0 0 0 0 0 0 0 0 0 0 0 0 0 0 0 0 0 0 0 0 0 0 0
0 0 0 0 0 0 0 0 0 0 0 0 0 0 0 0 0 0 0 0 0 0 0 0 0 0 0 0 0 0 0 0 0 0 0 0
##$SHL_EXPANDCF2= (0..143)
0 0 0 0 0 0 0 0 0 0 0 0 0 0 0 0 0 0 0 0 0 0 0 0 0 0 0 0 0 0 0 0 0 0 0 0
0 0 0 0 0 0 0 0 0 0 0 0 0 0 0 0 0 0 0 0 0 0 0 0 0 0 0 0 0 0 0 0 0 0 0 0
0 0 0 0 0 0 0 0 0 0 0 0 0 0 0 0 0 0 0 0 0 0 0 0 0 0 0 0 0 0 0 0 0 0 0 0
0 0 0 0 0 0 0 0 0 0 0 0 0 0 0 0 0 0 0 0 0 0 0 0 0 0 0 0 0 0 0 0 0 0 0 0
##$SHL_EXPANDCF3= (0..143)
0 0 0 0 0 0 0 0 0 0 0 0 0 0 0 0 0 0 0 0 0 0 0 0 0 0 0 0 0 0 0 0 0 0 0 0
0 0 0 0 0 0 0 0 0 0 0 0 0 0 0 0 0 0 0 0 0 0 0 0 0 0 0 0 0 0 0 0 0 0 0 0
0 0 0 0 0 0 0 0 0 0 0 0 0 0 0 0 0 0 0 0 0 0 0 0 0 0 0 0 0 0 0 0 0 0 0 0
0 0 0 0 0 0 0 0 0 0 0 0 0 0 0 0 0 0 0 0 0 0 0 0 0 0 0 0 0 0 0 0 0 0 0 0
##$SHL_EXPANDCF4= (0..143)
0 0 0 0 0 0 0 0 0 0 0 0 0 0 0 0 0 0 0 0 0 0 0 0 0 0 0 0 0 0 0 0 0 0 0 0
0 0 0 0 0 0 0 0 0 0 0 0 0 0 0 0 0 0 0 0 0 0 0 0 0 0 0 0 0 0 0 0 0 0 0 0
0 0 0 0 0 0 0 0 0 0 0 0 0 0 0 0 0 0 0 0 0 0 0 0 0 0 0 0 0 0 0 0 0 0 0 0
0 0 0 0 0 0 0 0 0 0 0 0 0 0 0 0 0 0 0 0 0 0 0 0 0 0 0 0 0 0 0 0 0 0 0 0
##$SHL_EXPANDCF5= (0..143)
0 0 0 0 0 0 0 0 0 0 0 0 0 0 0 0 0 0 0 0 0 0 0 0 0 0 0 0 0 0 0 0 0 0 0 0
0 0 0 0 0 0 0 0 0 0 0 0 0 0 0 0 0 0 0 0 0 0 0 0 0 0 0 0 0 0 0 0 0 0 0 0
0 0 0 0 0 0 0 0 0 0 0 0 0 0 0 0 0 0 0 0 0 0 0 0 0 0 0 0 0 0 0 0 0 0 0 0
0 0 0 0 0 0 0 0 0 0 0 0 0 0 0 0 0 0 0 0 0 0 0 0 0 0 0 0 0 0 0 0 0 0 0 0
##$SHL_EXPANDCF6= (0..143)
0 0 0 0 0 0 0 0 0 0 0 0 0 0 0 0 0 0 0 0 0 0 0 0 0 0 0 0 0 0 0 0 0 0 0 0
0 0 0 0 0 0 0 0 0 0 0 0 0 0 0 0 0 0 0 0 0 0 0 0 0 0 0 0 0 0 0 0 0 0 0 0
0 0 0 0 0 0 0 0 0 0 0 0 0 0 0 0 0 0 0 0 0 0 0 0 0 0 0 0 0 0 0 0 0 0 0 0
0 0 0 0 0 0 0 0 0 0 0 0 0 0 0 0 0 0 0 0 0 0 0 0 0 0 0 0 0 0 0 0 0 0 0 0
##$SHL_EXPANDCF7= (0..143)
0 0 0 0 0 0 0 0 0 0 0 0 0 0 0 0 0 0 0 0 0 0 0 0 0 0 0 0 0 0 0 0 0 0 0 0
0 0 0 0 0 0 0 0 0 0 0 0 0 0 0 0 0 0 0 0 0 0 0 0 0 0 0 0 0 0 0 0 0 0 0 0
0 0 0 0 0 0 0 0 0 0 0 0 0 0 0 0 0 0 0 0 0 0 0 0 0 0 0 0 0 0 0 0 0 0 0 0
0 0 0 0 0 0 0 0 0 0 0 0 0 0 0 0 0 0 0 0 0 0 0 0 0 0 0 0 0 0 0 0 0 0 0 0
##$SHL_EXPANDCF8= (0..143)
0 0 0 0 0 0 0 0 0 0 0 0 0 0 0 0 0 0 0 0 0 0 0 0 0 0 0 0 0 0 0 0 0 0 0 0
0 0 0 0 0 0 0 0 0 0 0 0 0 0 0 0 0 0 0 0 0 0 0 0 0 0 0 0 0 0 0 0 0 0 0 0
0 0 0 0 0 0 0 0 0 0 0 0 0 0 0 0 0 0 0 0 0 0 0 0 0 0 0 0 0 0 0 0 0 0 0 0
0 0 0 0 0 0 0 0 0 0 0 0 0 0 0 0 0 0 0 0 0 0 0 0 0 0 0 0 0 0 0 0 0 0 0 0
##$SHL_EXPANDCF9= (0..143)
0 0 0 0 0 0 0 0 0 0 0 0 0 0 0 0 0 0 0 0 0 0 0 0 0 0 0 0 0 0 0 0 0 0 0 0
0 0 0 0 0 0 0 0 0 0 0 0 0 0 0 0 0 0 0 0 0 0 0 0 0 0 0 0 0 0 0 0 0 0 0 0
0 0 0 0 0 0 0 0 0 0 0 0 0 0 0 0 0 0 0 0 0 0 0 0 0 0 0 0 0 0 0 0 0 0 0 0
0 0 0 0 0 0 0 0 0 0 0 0 0 0 0 0 0 0 0 0 0 0 0 0 0 0 0 0 0 0 0 0 0 0 0 0
##$SHL_EXPFAC= (0..15)
0 0 0 0 0 0 0 0 0 0 0 0 0 0 0 0
##$SHL_FRACEND= (0..15)
0 0 0 0 0 0 0 0 0 0 0 0 0 0 0 0
##$SHL_FRACORG= (0..15)
0 0 0 0 0 0 0 0 0 0 0 0 0 0 0 0
##$SHL_FRACSTART= (0..15)
0 0 0 0 0 0 0 0 0 0 0 0 0 0 0 0
##$SHL_FULLHALF= (0..15)
0 0 0 0 0 0 0 0 0 0 0 0 0 0 0 0
##$SHL_FUNCAMP= (0..15)
0 0 0 0 0 0 0 0 0 0 0 0 0 0 0 0
##$SHL_FUNCTION= (0..15)
<SmoothedChirp> <> <> <> <> <> <> <> <> <> <> <> <> <> <> <>
##$SHL_GCO= (0..15)
<> <> <> <> <> <> <> <> <> <> <> <> <> <> <> <>
##$SHL_GCOCOEFFS0= (0..59)
0 0 0 0 0 0 0 0 0 0 0 0 0 0 0 0 0 0 0 0 0 0 0 0 0 0 0 0 0 0 0 0 0 0 0 0
0 0 0 0 0 0 0 0 0 0 0 0 0 0 0 0 0 0 0 0 0 0 0 0
##$SHL_GCOCOEFFS1= (0..59)
0 0 0 0 0 0 0 0 0 0 0 0 0 0 0 0 0 0 0 0 0 0 0 0 0 0 0 0 0 0 0 0 0 0 0 0
0 0 0 0 0 0 0 0 0 0 0 0 0 0 0 0 0 0 0 0 0 0 0 0
##$SHL_GCOCOEFFS10= (0..59)
0 0 0 0 0 0 0 0 0 0 0 0 0 0 0 0 0 0 0 0 0 0 0 0 0 0 0 0 0 0 0 0 0 0 0 0
0 0 0 0 0 0 0 0 0 0 0 0 0 0 0 0 0 0 0 0 0 0 0 0
##$SHL_GCOCOEFFS11= (0..59)
0 0 0 0 0 0 0 0 0 0 0 0 0 0 0 0 0 0 0 0 0 0 0 0 0 0 0 0 0 0 0 0 0 0 0 0
0 0 0 0 0 0 0 0 0 0 0 0 0 0 0 0 0 0 0 0 0 0 0 0
##$SHL_GCOCOEFFS12= (0..59)
0 0 0 0 0 0 0 0 0 0 0 0 0 0 0 0 0 0 0 0 0 0 0 0 0 0 0 0 0 0 0 0 0 0 0 0
0 0 0 0 0 0 0 0 0 0 0 0 0 0 0 0 0 0 0 0 0 0 0 0
##$SHL_GCOCOEFFS13= (0..59)
0 0 0 0 0 0 0 0 0 0 0 0 0 0 0 0 0 0 0 0 0 0 0 0 0 0 0 0 0 0 0 0 0 0 0 0
0 0 0 0 0 0 0 0 0 0 0 0 0 0 0 0 0 0 0 0 0 0 0 0
##$SHL_GCOCOEFFS14= (0..59)
0 0 0 0 0 0 0 0 0 0 0 0 0 0 0 0 0 0 0 0 0 0 0 0 0 0 0 0 0 0 0 0 0 0 0 0
0 0 0 0 0 0 0 0 0 0 0 0 0 0 0 0 0 0 0 0 0 0 0 0
##$SHL_GCOCOEFFS15= (0..59)
0 0 0 0 0 0 0 0 0 0 0 0 0 0 0 0 0 0 0 0 0 0 0 0 0 0 0 0 0 0 0 0 0 0 0 0
0 0 0 0 0 0 0 0 0 0 0 0 0 0 0 0 0 0 0 0 0 0 0 0
##$SHL_GCOCOEFFS2= (0..59)
0 0 0 0 0 0 0 0 0 0 0 0 0 0 0 0 0 0 0 0 0 0 0 0 0 0 0 0 0 0 0 0 0 0 0 0
0 0 0 0 0 0 0 0 0 0 0 0 0 0 0 0 0 0 0 0 0 0 0 0
##$SHL_GCOCOEFFS3= (0..59)
0 0 0 0 0 0 0 0 0 0 0 0 0 0 0 0 0 0 0 0 0 0 0 0 0 0 0 0 0 0 0 0 0 0 0 0
0 0 0 0 0 0 0 0 0 0 0 0 0 0 0 0 0 0 0 0 0 0 0 0
##$SHL_GCOCOEFFS4= (0..59)
0 0 0 0 0 0 0 0 0 0 0 0 0 0 0 0 0 0 0 0 0 0 0 0 0 0 0 0 0 0 0 0 0 0 0 0
0 0 0 0 0 0 0 0 0 0 0 0 0 0 0 0 0 0 0 0 0 0 0 0
##$SHL_GCOCOEFFS5= (0..59)
0 0 0 0 0 0 0 0 0 0 0 0 0 0 0 0 0 0 0 0 0 0 0 0 0 0 0 0 0 0 0 0 0 0 0 0
0 0 0 0 0 0 0 0 0 0 0 0 0 0 0 0 0 0 0 0 0 0 0 0
##$SHL_GCOCOEFFS6= (0..59)
0 0 0 0 0 0 0 0 0 0 0 0 0 0 0 0 0 0 0 0 0 0 0 0 0 0 0 0 0 0 0 0 0 0 0 0
0 0 0 0 0 0 0 0 0 0 0 0 0 0 0 0 0 0 0 0 0 0 0 0
##$SHL_GCOCOEFFS7= (0..59)
0 0 0 0 0 0 0 0 0 0 0 0 0 0 0 0 0 0 0 0 0 0 0 0 0 0 0 0 0 0 0 0 0 0 0 0
0 0 0 0 0 0 0 0 0 0 0 0 0 0 0 0 0 0 0 0 0 0 0 0
##$SHL_GCOCOEFFS8= (0..59)
0 0 0 0 0 0 0 0 0 0 0 0 0 0 0 0 0 0 0 0 0 0 0 0 0 0 0 0 0 0 0 0 0 0 0 0
0 0 0 0 0 0 0 0 0 0 0 0 0 0 0 0 0 0 0 0 0 0 0 0
##$SHL_GCOCOEFFS9= (0..59)
0 0 0 0 0 0 0 0 0 0 0 0 0 0 0 0 0 0 0 0 0 0 0 0 0 0 0 0 0 0 0 0 0 0 0 0
0 0 0 0 0 0 0 0 0 0 0 0 0 0 0 0 0 0 0 0 0 0 0 0
##$SHL_INTEGFAC= (0..15)
0.07385224 0 0 0 0 0 0 0 0 0 0 0 0 0 0 0
##$SHL_LB= (0..15)
0 0 0 0 0 0 0 0 0 0 0 0 0 0 0 0
##$SHL_LEFTLIMIT= (0..15)
0 0 0 0 0 0 0 0 0 0 0 0 0 0 0 0
##$SHL_LENGTH= (0..15)
720 0 0 0 0 0 0 0 0 0 0 0 0 0 0 0
##$SHL_MAN= (0..15)
<> <> <> <> <> <> <> <> <> <> <> <> <> <> <> <>
##$SHL_MEANAMP= (0..15)
0 0 0 0 0 0 0 0 0 0 0 0 0 0 0 0
##$SHL_MODAMP= (0..15)
0 0 0 0 0 0 0 0 0 0 0 0 0 0 0 0
##$SHL_MODE= (0..15)
0 0 0 0 0 0 0 0 0 0 0 0 0 0 0 0
##$SHL_MODFREQ= (0..15)
0 0 0 0 0 0 0 0 0 0 0 0 0 0 0 0
##$SHL_MODPHASE= (0..15)
0 0 0 0 0 0 0 0 0 0 0 0 0 0 0 0
##$SHL_MODSCALE= (0..15)
0 0 0 0 0 0 0 0 0 0 0 0 0 0 0 0
##$SHL_MODSW= (0..15)
0 0 0 0 0 0 0 0 0 0 0 0 0 0 0 0
##$SHL_MODSWDIR= (0..15)
-1 -1 -1 -1 -1 -1 -1 -1 -1 -1 -1 -1 -1 -1 -1 -1
##$SHL_MU= (0..15)
0 0 0 0 0 0 0 0 0 0 0 0 0 0 0 0
##$SHL_NPOINTS= (0..15)
1440 0 0 0 0 0 0 0 0 0 0 0 0 0 0 0
##$SHL_OFFS= (0..15)
<> <> <> <> <> <> <> <> <> <> <> <> <> <> <> <>
##$SHL_OFFSCOEFF0= (0..95)
0 0 0 0 0 0 0 0 0 0 0 0 0 0 0 0 0 0 0 0 0 0 0 0 0 0 0 0 0 0 0 0 0 0 0 0
0 0 0 0 0 0 0 0 0 0 0 0 0 0 0 0 0 0 0 0 0 0 0 0 0 0 0 0 0 0 0 0 0 0 0 0
0 0 0 0 0 0 0 0 0 0 0 0 0 0 0 0 0 0 0 0 0 0 0 0
##$SHL_OFFSCOEFF1= (0..95)
0 0 0 0 0 0 0 0 0 0 0 0 0 0 0 0 0 0 0 0 0 0 0 0 0 0 0 0 0 0 0 0 0 0 0 0
0 0 0 0 0 0 0 0 0 0 0 0 0 0 0 0 0 0 0 0 0 0 0 0 0 0 0 0 0 0 0 0 0 0 0 0
0 0 0 0 0 0 0 0 0 0 0 0 0 0 0 0 0 0 0 0 0 0 0 0
##$SHL_OFFSCOEFF10= (0..95)
0 0 0 0 0 0 0 0 0 0 0 0 0 0 0 0 0 0 0 0 0 0 0 0 0 0 0 0 0 0 0 0 0 0 0 0
0 0 0 0 0 0 0 0 0 0 0 0 0 0 0 0 0 0 0 0 0 0 0 0 0 0 0 0 0 0 0 0 0 0 0 0
0 0 0 0 0 0 0 0 0 0 0 0 0 0 0 0 0 0 0 0 0 0 0 0
##$SHL_OFFSCOEFF11= (0..95)
0 0 0 0 0 0 0 0 0 0 0 0 0 0 0 0 0 0 0 0 0 0 0 0 0 0 0 0 0 0 0 0 0 0 0 0
0 0 0 0 0 0 0 0 0 0 0 0 0 0 0 0 0 0 0 0 0 0 0 0 0 0 0 0 0 0 0 0 0 0 0 0
0 0 0 0 0 0 0 0 0 0 0 0 0 0 0 0 0 0 0 0 0 0 0 0
##$SHL_OFFSCOEFF12= (0..95)
0 0 0 0 0 0 0 0 0 0 0 0 0 0 0 0 0 0 0 0 0 0 0 0 0 0 0 0 0 0 0 0 0 0 0 0
0 0 0 0 0 0 0 0 0 0 0 0 0 0 0 0 0 0 0 0 0 0 0 0 0 0 0 0 0 0 0 0 0 0 0 0
0 0 0 0 0 0 0 0 0 0 0 0 0 0 0 0 0 0 0 0 0 0 0 0
##$SHL_OFFSCOEFF13= (0..95)
0 0 0 0 0 0 0 0 0 0 0 0 0 0 0 0 0 0 0 0 0 0 0 0 0 0 0 0 0 0 0 0 0 0 0 0
0 0 0 0 0 0 0 0 0 0 0 0 0 0 0 0 0 0 0 0 0 0 0 0 0 0 0 0 0 0 0 0 0 0 0 0
0 0 0 0 0 0 0 0 0 0 0 0 0 0 0 0 0 0 0 0 0 0 0 0
##$SHL_OFFSCOEFF14= (0..95)
0 0 0 0 0 0 0 0 0 0 0 0 0 0 0 0 0 0 0 0 0 0 0 0 0 0 0 0 0 0 0 0 0 0 0 0
0 0 0 0 0 0 0 0 0 0 0 0 0 0 0 0 0 0 0 0 0 0 0 0 0 0 0 0 0 0 0 0 0 0 0 0
0 0 0 0 0 0 0 0 0 0 0 0 0 0 0 0 0 0 0 0 0 0 0 0
##$SHL_OFFSCOEFF15= (0..95)
0 0 0 0 0 0 0 0 0 0 0 0 0 0 0 0 0 0 0 0 0 0 0 0 0 0 0 0 0 0 0 0 0 0 0 0
0 0 0 0 0 0 0 0 0 0 0 0 0 0 0 0 0 0 0 0 0 0 0 0 0 0 0 0 0 0 0 0 0 0 0 0
0 0 0 0 0 0 0 0 0 0 0 0 0 0 0 0 0 0 0 0 0 0 0 0
##$SHL_OFFSCOEFF2= (0..95)
0 0 0 0 0 0 0 0 0 0 0 0 0 0 0 0 0 0 0 0 0 0 0 0 0 0 0 0 0 0 0 0 0 0 0 0
0 0 0 0 0 0 0 0 0 0 0 0 0 0 0 0 0 0 0 0 0 0 0 0 0 0 0 0 0 0 0 0 0 0 0 0
0 0 0 0 0 0 0 0 0 0 0 0 0 0 0 0 0 0 0 0 0 0 0 0
##$SHL_OFFSCOEFF3= (0..95)
0 0 0 0 0 0 0 0 0 0 0 0 0 0 0 0 0 0 0 0 0 0 0 0 0 0 0 0 0 0 0 0 0 0 0 0
0 0 0 0 0 0 0 0 0 0 0 0 0 0 0 0 0 0 0 0 0 0 0 0 0 0 0 0 0 0 0 0 0 0 0 0
0 0 0 0 0 0 0 0 0 0 0 0 0 0 0 0 0 0 0 0 0 0 0 0
##$SHL_OFFSCOEFF4= (0..95)
0 0 0 0 0 0 0 0 0 0 0 0 0 0 0 0 0 0 0 0 0 0 0 0 0 0 0 0 0 0 0 0 0 0 0 0
0 0 0 0 0 0 0 0 0 0 0 0 0 0 0 0 0 0 0 0 0 0 0 0 0 0 0 0 0 0 0 0 0 0 0 0
0 0 0 0 0 0 0 0 0 0 0 0 0 0 0 0 0 0 0 0 0 0 0 0
##$SHL_OFFSCOEFF5= (0..95)
0 0 0 0 0 0 0 0 0 0 0 0 0 0 0 0 0 0 0 0 0 0 0 0 0 0 0 0 0 0 0 0 0 0 0 0
0 0 0 0 0 0 0 0 0 0 0 0 0 0 0 0 0 0 0 0 0 0 0 0 0 0 0 0 0 0 0 0 0 0 0 0
0 0 0 0 0 0 0 0 0 0 0 0 0 0 0 0 0 0 0 0 0 0 0 0
##$SHL_OFFSCOEFF6= (0..95)
0 0 0 0 0 0 0 0 0 0 0 0 0 0 0 0 0 0 0 0 0 0 0 0 0 0 0 0 0 0 0 0 0 0 0 0
0 0 0 0 0 0 0 0 0 0 0 0 0 0 0 0 0 0 0 0 0 0 0 0 0 0 0 0 0 0 0 0 0 0 0 0
0 0 0 0 0 0 0 0 0 0 0 0 0 0 0 0 0 0 0 0 0 0 0 0
##$SHL_OFFSCOEFF7= (0..95)
0 0 0 0 0 0 0 0 0 0 0 0 0 0 0 0 0 0 0 0 0 0 0 0 0 0 0 0 0 0 0 0 0 0 0 0
0 0 0 0 0 0 0 0 0 0 0 0 0 0 0 0 0 0 0 0 0 0 0 0 0 0 0 0 0 0 0 0 0 0 0 0
0 0 0 0 0 0 0 0 0 0 0 0 0 0 0 0 0 0 0 0 0 0 0 0
##$SHL_OFFSCOEFF8= (0..95)
0 0 0 0 0 0 0 0 0 0 0 0 0 0 0 0 0 0 0 0 0 0 0 0 0 0 0 0 0 0 0 0 0 0 0 0
0 0 0 0 0 0 0 0 0 0 0 0 0 0 0 0 0 0 0 0 0 0 0 0 0 0 0 0 0 0 0 0 0 0 0 0
0 0 0 0 0 0 0 0 0 0 0 0 0 0 0 0 0 0 0 0 0 0 0 0
##$SHL_OFFSCOEFF9= (0..95)
0 0 0 0 0 0 0 0 0 0 0 0 0 0 0 0 0 0 0 0 0 0 0 0 0 0 0 0 0 0 0 0 0 0 0 0
0 0 0 0 0 0 0 0 0 0 0 0 0 0 0 0 0 0 0 0 0 0 0 0 0 0 0 0 0 0 0 0 0 0 0 0
0 0 0 0 0 0 0 0 0 0 0 0 0 0 0 0 0 0 0 0 0 0 0 0
##$SHL_PHASE= (0..15)
0 0 0 0 0 0 0 0 0 0 0 0 0 0 0 0
##$SHL_PHASEFAC= (0..15)
0 0 0 0 0 0 0 0 0 0 0 0 0 0 0 0
##$SHL_POWERINDEX= (0..15)
0 0 0 0 0 0 0 0 0 0 0 0 0 0 0 0
##$SHL_QUADCOEFF= (0..15)
0 0 0 0 0 0 0 0 0 0 0 0 0 0 0 0
##$SHL_RIGHTLIMIT= (0..15)
0 0 0 0 0 0 0 0 0 0 0 0 0 0 0 0
##$SHL_SCALEFACTOR= (0..15)
1 1 1 1 1 1 1 1 1 1 1 1 1 1 1 1
##$SHL_SF= (0..15)
<> <> <> <> <> <> <> <> <> <> <> <> <> <> <> <>
##$SHL_SFCOEFFS0= (0..200)
0 0 0 0 0 0 0 0 0 0 0 0 0 0 0 0 0 0 0 0 0 0 0 0 0 0 0 0 0 0 0 0 0 0 0 0
0 0 0 0 0 0 0 0 0 0 0 0 0 0 0 0 0 0 0 0 0 0 0 0 0 0 0 0 0 0 0 0 0 0 0 0
0 0 0 0 0 0 0 0 0 0 0 0 0 0 0 0 0 0 0 0 0 0 0 0 0 0 0 0 0 0 0 0 0 0 0 0
0 0 0 0 0 0 0 0 0 0 0 0 0 0 0 0 0 0 0 0 0 0 0 0 0 0 0 0 0 0 0 0 0 0 0 0
0 0 0 0 0 0 0 0 0 0 0 0 0 0 0 0 0 0 0 0 0 0 0 0 0 0 0 0 0 0 0 0 0 0 0 0
0 0 0 0 0 0 0 0 0 0 0 0 0 0 0 0 0 0 0 0 0
##$SHL_SFCOEFFS1= (0..200)
0 0 0 0 0 0 0 0 0 0 0 0 0 0 0 0 0 0 0 0 0 0 0 0 0 0 0 0 0 0 0 0 0 0 0 0
0 0 0 0 0 0 0 0 0 0 0 0 0 0 0 0 0 0 0 0 0 0 0 0 0 0 0 0 0 0 0 0 0 0 0 0
0 0 0 0 0 0 0 0 0 0 0 0 0 0 0 0 0 0 0 0 0 0 0 0 0 0 0 0 0 0 0 0 0 0 0 0
0 0 0 0 0 0 0 0 0 0 0 0 0 0 0 0 0 0 0 0 0 0 0 0 0 0 0 0 0 0 0 0 0 0 0 0
0 0 0 0 0 0 0 0 0 0 0 0 0 0 0 0 0 0 0 0 0 0 0 0 0 0 0 0 0 0 0 0 0 0 0 0
0 0 0 0 0 0 0 0 0 0 0 0 0 0 0 0 0 0 0 0 0
##$SHL_SFCOEFFS10= (0..200)
0 0 0 0 0 0 0 0 0 0 0 0 0 0 0 0 0 0 0 0 0 0 0 0 0 0 0 0 0 0 0 0 0 0 0 0
0 0 0 0 0 0 0 0 0 0 0 0 0 0 0 0 0 0 0 0 0 0 0 0 0 0 0 0 0 0 0 0 0 0 0 0
0 0 0 0 0 0 0 0 0 0 0 0 0 0 0 0 0 0 0 0 0 0 0 0 0 0 0 0 0 0 0 0 0 0 0 0
0 0 0 0 0 0 0 0 0 0 0 0 0 0 0 0 0 0 0 0 0 0 0 0 0 0 0 0 0 0 0 0 0 0 0 0
0 0 0 0 0 0 0 0 0 0 0 0 0 0 0 0 0 0 0 0 0 0 0 0 0 0 0 0 0 0 0 0 0 0 0 0
0 0 0 0 0 0 0 0 0 0 0 0 0 0 0 0 0 0 0 0 0
##$SHL_SFCOEFFS11= (0..200)
0 0 0 0 0 0 0 0 0 0 0 0 0 0 0 0 0 0 0 0 0 0 0 0 0 0 0 0 0 0 0 0 0 0 0 0
0 0 0 0 0 0 0 0 0 0 0 0 0 0 0 0 0 0 0 0 0 0 0 0 0 0 0 0 0 0 0 0 0 0 0 0
0 0 0 0 0 0 0 0 0 0 0 0 0 0 0 0 0 0 0 0 0 0 0 0 0 0 0 0 0 0 0 0 0 0 0 0
0 0 0 0 0 0 0 0 0 0 0 0 0 0 0 0 0 0 0 0 0 0 0 0 0 0 0 0 0 0 0 0 0 0 0 0
0 0 0 0 0 0 0 0 0 0 0 0 0 0 0 0 0 0 0 0 0 0 0 0 0 0 0 0 0 0 0 0 0 0 0 0
0 0 0 0 0 0 0 0 0 0 0 0 0 0 0 0 0 0 0 0 0
##$SHL_SFCOEFFS12= (0..200)
0 0 0 0 0 0 0 0 0 0 0 0 0 0 0 0 0 0 0 0 0 0 0 0 0 0 0 0 0 0 0 0 0 0 0 0
0 0 0 0 0 0 0 0 0 0 0 0 0 0 0 0 0 0 0 0 0 0 0 0 0 0 0 0 0 0 0 0 0 0 0 0
0 0 0 0 0 0 0 0 0 0 0 0 0 0 0 0 0 0 0 0 0 0 0 0 0 0 0 0 0 0 0 0 0 0 0 0
0 0 0 0 0 0 0 0 0 0 0 0 0 0 0 0 0 0 0 0 0 0 0 0 0 0 0 0 0 0 0 0 0 0 0 0
0 0 0 0 0 0 0 0 0 0 0 0 0 0 0 0 0 0 0 0 0 0 0 0 0 0 0 0 0 0 0 0 0 0 0 0
0 0 0 0 0 0 0 0 0 0 0 0 0 0 0 0 0 0 0 0 0
##$SHL_SFCOEFFS13= (0..200)
0 0 0 0 0 0 0 0 0 0 0 0 0 0 0 0 0 0 0 0 0 0 0 0 0 0 0 0 0 0 0 0 0 0 0 0
0 0 0 0 0 0 0 0 0 0 0 0 0 0 0 0 0 0 0 0 0 0 0 0 0 0 0 0 0 0 0 0 0 0 0 0
0 0 0 0 0 0 0 0 0 0 0 0 0 0 0 0 0 0 0 0 0 0 0 0 0 0 0 0 0 0 0 0 0 0 0 0
0 0 0 0 0 0 0 0 0 0 0 0 0 0 0 0 0 0 0 0 0 0 0 0 0 0 0 0 0 0 0 0 0 0 0 0
0 0 0 0 0 0 0 0 0 0 0 0 0 0 0 0 0 0 0 0 0 0 0 0 0 0 0 0 0 0 0 0 0 0 0 0
0 0 0 0 0 0 0 0 0 0 0 0 0 0 0 0 0 0 0 0 0
##$SHL_SFCOEFFS14= (0..200)
0 0 0 0 0 0 0 0 0 0 0 0 0 0 0 0 0 0 0 0 0 0 0 0 0 0 0 0 0 0 0 0 0 0 0 0
0 0 0 0 0 0 0 0 0 0 0 0 0 0 0 0 0 0 0 0 0 0 0 0 0 0 0 0 0 0 0 0 0 0 0 0
0 0 0 0 0 0 0 0 0 0 0 0 0 0 0 0 0 0 0 0 0 0 0 0 0 0 0 0 0 0 0 0 0 0 0 0
0 0 0 0 0 0 0 0 0 0 0 0 0 0 0 0 0 0 0 0 0 0 0 0 0 0 0 0 0 0 0 0 0 0 0 0
0 0 0 0 0 0 0 0 0 0 0 0 0 0 0 0 0 0 0 0 0 0 0 0 0 0 0 0 0 0 0 0 0 0 0 0
0 0 0 0 0 0 0 0 0 0 0 0 0 0 0 0 0 0 0 0 0
##$SHL_SFCOEFFS15= (0..200)
0 0 0 0 0 0 0 0 0 0 0 0 0 0 0 0 0 0 0 0 0 0 0 0 0 0 0 0 0 0 0 0 0 0 0 0
0 0 0 0 0 0 0 0 0 0 0 0 0 0 0 0 0 0 0 0 0 0 0 0 0 0 0 0 0 0 0 0 0 0 0 0
0 0 0 0 0 0 0 0 0 0 0 0 0 0 0 0 0 0 0 0 0 0 0 0 0 0 0 0 0 0 0 0 0 0 0 0
0 0 0 0 0 0 0 0 0 0 0 0 0 0 0 0 0 0 0 0 0 0 0 0 0 0 0 0 0 0 0 0 0 0 0 0
0 0 0 0 0 0 0 0 0 0 0 0 0 0 0 0 0 0 0 0 0 0 0 0 0 0 0 0 0 0 0 0 0 0 0 0
0 0 0 0 0 0 0 0 0 0 0 0 0 0 0 0 0 0 0 0 0
##$SHL_SFCOEFFS2= (0..200)
0 0 0 0 0 0 0 0 0 0 0 0 0 0 0 0 0 0 0 0 0 0 0 0 0 0 0 0 0 0 0 0 0 0 0 0
0 0 0 0 0 0 0 0 0 0 0 0 0 0 0 0 0 0 0 0 0 0 0 0 0 0 0 0 0 0 0 0 0 0 0 0
0 0 0 0 0 0 0 0 0 0 0 0 0 0 0 0 0 0 0 0 0 0 0 0 0 0 0 0 0 0 0 0 0 0 0 0
0 0 0 0 0 0 0 0 0 0 0 0 0 0 0 0 0 0 0 0 0 0 0 0 0 0 0 0 0 0 0 0 0 0 0 0
0 0 0 0 0 0 0 0 0 0 0 0 0 0 0 0 0 0 0 0 0 0 0 0 0 0 0 0 0 0 0 0 0 0 0 0
0 0 0 0 0 0 0 0 0 0 0 0 0 0 0 0 0 0 0 0 0
##$SHL_SFCOEFFS3= (0..200)
0 0 0 0 0 0 0 0 0 0 0 0 0 0 0 0 0 0 0 0 0 0 0 0 0 0 0 0 0 0 0 0 0 0 0 0
0 0 0 0 0 0 0 0 0 0 0 0 0 0 0 0 0 0 0 0 0 0 0 0 0 0 0 0 0 0 0 0 0 0 0 0
0 0 0 0 0 0 0 0 0 0 0 0 0 0 0 0 0 0 0 0 0 0 0 0 0 0 0 0 0 0 0 0 0 0 0 0
0 0 0 0 0 0 0 0 0 0 0 0 0 0 0 0 0 0 0 0 0 0 0 0 0 0 0 0 0 0 0 0 0 0 0 0
0 0 0 0 0 0 0 0 0 0 0 0 0 0 0 0 0 0 0 0 0 0 0 0 0 0 0 0 0 0 0 0 0 0 0 0
0 0 0 0 0 0 0 0 0 0 0 0 0 0 0 0 0 0 0 0 0
##$SHL_SFCOEFFS4= (0..200)
0 0 0 0 0 0 0 0 0 0 0 0 0 0 0 0 0 0 0 0 0 0 0 0 0 0 0 0 0 0 0 0 0 0 0 0
0 0 0 0 0 0 0 0 0 0 0 0 0 0 0 0 0 0 0 0 0 0 0 0 0 0 0 0 0 0 0 0 0 0 0 0
0 0 0 0 0 0 0 0 0 0 0 0 0 0 0 0 0 0 0 0 0 0 0 0 0 0 0 0 0 0 0 0 0 0 0 0
0 0 0 0 0 0 0 0 0 0 0 0 0 0 0 0 0 0 0 0 0 0 0 0 0 0 0 0 0 0 0 0 0 0 0 0
0 0 0 0 0 0 0 0 0 0 0 0 0 0 0 0 0 0 0 0 0 0 0 0 0 0 0 0 0 0 0 0 0 0 0 0
0 0 0 0 0 0 0 0 0 0 0 0 0 0 0 0 0 0 0 0 0
##$SHL_SFCOEFFS5= (0..200)
0 0 0 0 0 0 0 0 0 0 0 0 0 0 0 0 0 0 0 0 0 0 0 0 0 0 0 0 0 0 0 0 0 0 0 0
0 0 0 0 0 0 0 0 0 0 0 0 0 0 0 0 0 0 0 0 0 0 0 0 0 0 0 0 0 0 0 0 0 0 0 0
0 0 0 0 0 0 0 0 0 0 0 0 0 0 0 0 0 0 0 0 0 0 0 0 0 0 0 0 0 0 0 0 0 0 0 0
0 0 0 0 0 0 0 0 0 0 0 0 0 0 0 0 0 0 0 0 0 0 0 0 0 0 0 0 0 0 0 0 0 0 0 0
0 0 0 0 0 0 0 0 0 0 0 0 0 0 0 0 0 0 0 0 0 0 0 0 0 0 0 0 0 0 0 0 0 0 0 0
0 0 0 0 0 0 0 0 0 0 0 0 0 0 0 0 0 0 0 0 0
##$SHL_SFCOEFFS6= (0..200)
0 0 0 0 0 0 0 0 0 0 0 0 0 0 0 0 0 0 0 0 0 0 0 0 0 0 0 0 0 0 0 0 0 0 0 0
0 0 0 0 0 0 0 0 0 0 0 0 0 0 0 0 0 0 0 0 0 0 0 0 0 0 0 0 0 0 0 0 0 0 0 0
0 0 0 0 0 0 0 0 0 0 0 0 0 0 0 0 0 0 0 0 0 0 0 0 0 0 0 0 0 0 0 0 0 0 0 0
0 0 0 0 0 0 0 0 0 0 0 0 0 0 0 0 0 0 0 0 0 0 0 0 0 0 0 0 0 0 0 0 0 0 0 0
0 0 0 0 0 0 0 0 0 0 0 0 0 0 0 0 0 0 0 0 0 0 0 0 0 0 0 0 0 0 0 0 0 0 0 0
0 0 0 0 0 0 0 0 0 0 0 0 0 0 0 0 0 0 0 0 0
##$SHL_SFCOEFFS7= (0..200)
0 0 0 0 0 0 0 0 0 0 0 0 0 0 0 0 0 0 0 0 0 0 0 0 0 0 0 0 0 0 0 0 0 0 0 0
0 0 0 0 0 0 0 0 0 0 0 0 0 0 0 0 0 0 0 0 0 0 0 0 0 0 0 0 0 0 0 0 0 0 0 0
0 0 0 0 0 0 0 0 0 0 0 0 0 0 0 0 0 0 0 0 0 0 0 0 0 0 0 0 0 0 0 0 0 0 0 0
0 0 0 0 0 0 0 0 0 0 0 0 0 0 0 0 0 0 0 0 0 0 0 0 0 0 0 0 0 0 0 0 0 0 0 0
0 0 0 0 0 0 0 0 0 0 0 0 0 0 0 0 0 0 0 0 0 0 0 0 0 0 0 0 0 0 0 0 0 0 0 0
0 0 0 0 0 0 0 0 0 0 0 0 0 0 0 0 0 0 0 0 0
##$SHL_SFCOEFFS8= (0..200)
0 0 0 0 0 0 0 0 0 0 0 0 0 0 0 0 0 0 0 0 0 0 0 0 0 0 0 0 0 0 0 0 0 0 0 0
0 0 0 0 0 0 0 0 0 0 0 0 0 0 0 0 0 0 0 0 0 0 0 0 0 0 0 0 0 0 0 0 0 0 0 0
0 0 0 0 0 0 0 0 0 0 0 0 0 0 0 0 0 0 0 0 0 0 0 0 0 0 0 0 0 0 0 0 0 0 0 0
0 0 0 0 0 0 0 0 0 0 0 0 0 0 0 0 0 0 0 0 0 0 0 0 0 0 0 0 0 0 0 0 0 0 0 0
0 0 0 0 0 0 0 0 0 0 0 0 0 0 0 0 0 0 0 0 0 0 0 0 0 0 0 0 0 0 0 0 0 0 0 0
0 0 0 0 0 0 0 0 0 0 0 0 0 0 0 0 0 0 0 0 0
##$SHL_SFCOEFFS9= (0..200)
0 0 0 0 0 0 0 0 0 0 0 0 0 0 0 0 0 0 0 0 0 0 0 0 0 0 0 0 0 0 0 0 0 0 0 0
0 0 0 0 0 0 0 0 0 0 0 0 0 0 0 0 0 0 0 0 0 0 0 0 0 0 0 0 0 0 0 0 0 0 0 0
0 0 0 0 0 0 0 0 0 0 0 0 0 0 0 0 0 0 0 0 0 0 0 0 0 0 0 0 0 0 0 0 0 0 0 0
0 0 0 0 0 0 0 0 0 0 0 0 0 0 0 0 0 0 0 0 0 0 0 0 0 0 0 0 0 0 0 0 0 0 0 0
0 0 0 0 0 0 0 0 0 0 0 0 0 0 0 0 0 0 0 0 0 0 0 0 0 0 0 0 0 0 0 0 0 0 0 0
0 0 0 0 0 0 0 0 0 0 0 0 0 0 0 0 0 0 0 0 0
##$SHL_SMOOTHED= (0..15)
10 0 0 0 0 0 0 0 0 0 0 0 0 0 0 0
##$SHL_SMOOTHING= (0..15)
0 0 0 0 0 0 0 0 0 0 0 0 0 0 0 0
##$SHL_SPOAL= (0..15)
0 0 0 0 0 0 0 0 0 0 0 0 0 0 0 0
##$SHL_SPOFFS= (0..15)
0 0 0 0 0 0 0 0 0 0 0 0 0 0 0 0
##$SHL_SPOPH= (0..15)
0 0 0 0 0 0 0 0 0 0 0 0 0 0 0 0
##$SHL_STARTAMP= (0..15)
0 0 0 0 0 0 0 0 0 0 0 0 0 0 0 0
##$SHL_SW= (0..15)
80000 0 0 0 0 0 0 0 0 0 0 0 0 0 0 0
##$SHL_SWDIR= (0..15)
-1 -1 -1 -1 -1 -1 -1 -1 -1 -1 -1 -1 -1 -1 -1 -1
##$SHL_TANKAPPA= (0..15)
0 0 0 0 0 0 0 0 0 0 0 0 0 0 0 0
##$SHL_TOTROT= (0..15)
90 0 0 0 0 0 0 0 0 0 0 0 0 0 0 0
##$SHL_TRUNCLEV= (0..15)
0 0 0 0 0 0 0 0 0 0 0 0 0 0 0 0
##$SHL_TYPE= (0..15)
<Excitation> <> <> <> <> <> <> <> <> <> <> <> <> <> <> <>
##$SHL_WINDOWSIZE= (0..15)
0 0 0 0 0 0 0 0 0 0 0 0 0 0 0 0
##$SHL_ZETA= (0..15)
0 0 0 0 0 0 0 0 0 0 0 0 0 0 0 0
##NPOINTS= 1440
##XYPOINTS= (XY..XY)
0.000000, 68.401250
1.098437, 61.211250
2.196741, 54.031250
3.294781, 46.861250
4.392422, 39.701250
5.489534, 32.551250
6.585983, 25.411250
7.681638, 18.281250
8.776366, 11.161250
9.870035, 4.051250
10.962513, 356.951250
12.053668, 349.861250
13.143369, 342.781250
14.231484, 335.711250
15.317882, 328.651250
16.402431, 321.601250
17.485002, 314.561250
18.565462, 307.531250
19.643683, 300.511250
20.719533, 293.501250
21.792884, 286.501250
22.863604, 279.511250
23.931566, 272.531250
24.996641, 265.561250
26.058699, 258.601250
27.117614, 251.651250
28.173256, 244.711250
29.225498, 237.781250
30.274215, 230.861250
31.319278, 223.951250
32.360563, 217.051250
33.397943, 210.161250
34.431293, 203.281250
35.460489, 196.411250
36.485406, 189.551250
37.505920, 182.701250
38.521910, 175.861250
39.533251, 169.031250
40.539822, 162.211250
41.541501, 155.401250
42.538168, 148.601250
43.529703, 141.811250
44.515985, 135.031250
45.496896, 128.261250
46.472317, 121.501250
47.442131, 114.751250
48.406221, 108.011250
49.364469, 101.281250
50.316762, 94.561250
51.262983, 87.851250
52.203019, 81.151250
53.136756, 74.461250
54.064082, 67.781250
54.984884, 61.111250
55.899052, 54.451250
56.806475, 47.801250
57.707043, 41.161250
58.600649, 34.531250
59.487184, 27.911250
60.366541, 21.301250
61.238615, 14.701250
62.103299, 8.111250
62.960490, 1.531250
63.810085, 354.961250
64.651979, 348.401250
65.486073, 341.851250
66.312266, 335.311250
67.130457, 328.781250
67.940548, 322.261250
68.742442, 315.751250
69.536041, 309.251250
70.321250, 302.761250
71.097974, 296.281250
71.866119, 289.811250
72.625593, 283.351250
73.376303, 276.901250
74.118161, 270.461250
74.851075, 264.031250
75.574957, 257.611250
76.289721, 251.201250
76.995280, 244.801250
77.691548, 238.411250
78.378442, 232.031250
79.055879, 225.661250
79.723777, 219.301250
80.382056, 212.951250
81.030636, 206.611250
81.669438, 200.281250
82.298387, 193.961250
82.917405, 187.651250
83.526418, 181.351250
84.125353, 175.061250
84.714138, 168.781250
85.292701, 162.511250
85.860972, 156.251250
86.418884, 150.001250
86.966368, 143.761250
87.503359, 137.531250
88.029792, 131.311250
88.545603, 125.101250
89.050730, 118.901250
89.545112, 112.711250
90.028690, 106.531250
90.501405, 100.361250
90.963200, 94.201250
91.414019, 88.051250
91.853808, 81.911250
92.282515, 75.781250
92.700086, 69.661250
93.106472, 63.551250
93.501624, 57.451250
93.885494, 51.361250
94.258036, 45.281250
94.619205, 39.211250
94.968957, 33.151250
95.307250, 27.101250
95.634043, 21.061250
95.949297, 15.031250
96.252974, 9.011250
96.545037, 3.001250
96.825451, 357.001250
97.094182, 351.011250
97.351197, 345.031250
97.596466, 339.061250
97.829959, 333.101250
98.051648, 327.151250
98.261506, 321.211250
98.459508, 315.281250
98.645630, 309.361250
98.819849, 303.451250
98.982144, 297.551250
99.132496, 291.661250
99.270887, 285.781250
99.397300, 279.911250
99.511720, 274.051250
99.614133, 268.201250
99.704526, 262.361250
99.782888, 256.531250
99.849211, 250.711250
99.903487, 244.901250
99.945707, 239.101250
99.975869, 233.311250
99.993967, 227.531250
100.000000, 221.761250
100.000000, 216.001250
100.000000, 210.251250
100.000000, 204.511250
100.000000, 198.781250
100.000000, 193.061250
100.000000, 187.351250
100.000000, 181.651250
100.000000, 175.961250
100.000000, 170.281250
100.000000, 164.611250
100.000000, 158.951250
100.000000, 153.301250
100.000000, 147.661250
100.000000, 142.031250
100.000000, 136.411250
100.000000, 130.801250
100.000000, 125.201250
100.000000, 119.611250
100.000000, 114.031250
100.000000, 108.461250
100.000000, 102.901250
100.000000, 97.351250
100.000000, 91.811250
100.000000, 86.281250
100.000000, 80.761250
100.000000, 75.251250
100.000000, 69.751250
100.000000, 64.261250
100.000000, 58.781250
100.000000, 53.311250
100.000000, 47.851250
100.000000, 42.401250
100.000000, 36.961250
100.000000, 31.531250
100.000000, 26.111250
100.000000, 20.701250
100.000000, 15.301250
100.000000, 9.911250
100.000000, 4.531250
100.000000, 359.161250
100.000000, 353.801250
100.000000, 348.451250
100.000000, 343.111250
100.000000, 337.781250
100.000000, 332.461250
100.000000, 327.151250
100.000000, 321.851250
100.000000, 316.561250
100.000000, 311.281250
100.000000, 306.011250
100.000000, 300.751250
100.000000, 295.501250
100.000000, 290.261250
100.000000, 285.031250
100.000000, 279.811250
100.000000, 274.601250
100.000000, 269.401250
100.000000, 264.211250
100.000000, 259.031250
100.000000, 253.861250
100.000000, 248.701250
100.000000, 243.551250
100.000000, 238.411250
100.000000, 233.281250
100.000000, 228.161250
100.000000, 223.051250
100.000000, 217.951250
100.000000, 212.861250
100.000000, 207.781250
100.000000, 202.711250
100.000000, 197.651250
100.000000, 192.601250
100.000000, 187.561250
100.000000, 182.531250
100.000000, 177.511250
100.000000, 172.501250
100.000000, 167.501250
100.000000, 162.511250
100.000000, 157.531250
100.000000, 152.561250
100.000000, 147.601250
100.000000, 142.651250
100.000000, 137.711250
100.000000, 132.781250
100.000000, 127.861250
100.000000, 122.951250
100.000000, 118.051250
100.000000, 113.161250
100.000000, 108.281250
100.000000, 103.411250
100.000000, 98.551250
100.000000, 93.701250
100.000000, 88.861250
100.000000, 84.031250
100.000000, 79.211250
100.000000, 74.401250
100.000000, 69.601250
100.000000, 64.811250
100.000000, 60.031250
100.000000, 55.261250
100.000000, 50.501250
100.000000, 45.751250
100.000000, 41.011250
100.000000, 36.281250
100.000000, 31.561250
100.000000, 26.851250
100.000000, 22.151250
100.000000, 17.461250
100.000000, 12.781250
100.000000, 8.111250
100.000000, 3.451250
100.000000, 358.801250
100.000000, 354.161250
100.000000, 349.531250
100.000000, 344.911250
100.000000, 340.301250
100.000000, 335.701250
100.000000, 331.111250
100.000000, 326.531250
100.000000, 321.961250
100.000000, 317.401250
100.000000, 312.851250
100.000000, 308.311250
100.000000, 303.781250
100.000000, 299.261250
100.000000, 294.751250
100.000000, 290.251250
100.000000, 285.761250
100.000000, 281.281250
100.000000, 276.811250
100.000000, 272.351250
100.000000, 267.901250
100.000000, 263.461250
100.000000, 259.031250
100.000000, 254.611250
100.000000, 250.201250
100.000000, 245.801250
100.000000, 241.411250
100.000000, 237.031250
100.000000, 232.661250
100.000000, 228.301250
100.000000, 223.951250
100.000000, 219.611250
100.000000, 215.281250
100.000000, 210.961250
100.000000, 206.651250
100.000000, 202.351250
100.000000, 198.061250
100.000000, 193.781250
100.000000, 189.511250
100.000000, 185.251250
100.000000, 181.001250
100.000000, 176.761250
100.000000, 172.531250
100.000000, 168.311250
100.000000, 164.101250
100.000000, 159.901250
100.000000, 155.711250
100.000000, 151.531250
100.000000, 147.361250
100.000000, 143.201250
100.000000, 139.051250
100.000000, 134.911250
100.000000, 130.781250
100.000000, 126.661250
100.000000, 122.551250
100.000000, 118.451250
100.000000, 114.361250
100.000000, 110.281250
100.000000, 106.211250
100.000000, 102.151250
100.000000, 98.101250
100.000000, 94.061250
100.000000, 90.031250
100.000000, 86.011250
100.000000, 82.001250
100.000000, 78.001250
100.000000, 74.011250
100.000000, 70.031250
100.000000, 66.061250
100.000000, 62.101250
100.000000, 58.151250
100.000000, 54.211250
100.000000, 50.281250
100.000000, 46.361250
100.000000, 42.451250
100.000000, 38.551250
100.000000, 34.661250
100.000000, 30.781250
100.000000, 26.911250
100.000000, 23.051250
100.000000, 19.201250
100.000000, 15.361250
100.000000, 11.531250
100.000000, 7.711250
100.000000, 3.901250
100.000000, 0.101250
100.000000, 356.311250
100.000000, 352.531250
100.000000, 348.761250
100.000000, 345.001250
100.000000, 341.251250
100.000000, 337.511250
100.000000, 333.781250
100.000000, 330.061250
100.000000, 326.351250
100.000000, 322.651250
100.000000, 318.961250
100.000000, 315.281250
100.000000, 311.611250
100.000000, 307.951250
100.000000, 304.301250
100.000000, 300.661250
100.000000, 297.031250
100.000000, 293.411250
100.000000, 289.801250
100.000000, 286.201250
100.000000, 282.611250
100.000000, 279.031250
100.000000, 275.461250
100.000000, 271.901250
100.000000, 268.351250
100.000000, 264.811250
100.000000, 261.281250
100.000000, 257.761250
100.000000, 254.251250
100.000000, 250.751250
100.000000, 247.261250
100.000000, 243.781250
100.000000, 240.311250
100.000000, 236.851250
100.000000, 233.401250
100.000000, 229.961250
100.000000, 226.531250
100.000000, 223.111250
100.000000, 219.701250
100.000000, 216.301250
100.000000, 212.911250
100.000000, 209.531250
100.000000, 206.161250
100.000000, 202.801250
100.000000, 199.451250
100.000000, 196.111250
100.000000, 192.781250
100.000000, 189.461250
100.000000, 186.151250
100.000000, 182.851250
100.000000, 179.561250
100.000000, 176.281250
100.000000, 173.011250
100.000000, 169.751250
100.000000, 166.501250
100.000000, 163.261250
100.000000, 160.031250
100.000000, 156.811250
100.000000, 153.601250
100.000000, 150.401250
100.000000, 147.211250
100.000000, 144.031250
100.000000, 140.861250
100.000000, 137.701250
100.000000, 134.551250
100.000000, 131.411250
100.000000, 128.281250
100.000000, 125.161250
100.000000, 122.051250
100.000000, 118.951250
100.000000, 115.861250
100.000000, 112.781250
100.000000, 109.711250
100.000000, 106.651250
100.000000, 103.601250
100.000000, 100.561250
100.000000, 97.531250
100.000000, 94.511250
100.000000, 91.501250
100.000000, 88.501250
100.000000, 85.511250
100.000000, 82.531250
100.000000, 79.561250
100.000000, 76.601250
100.000000, 73.651250
100.000000, 70.711250
100.000000, 67.781250
100.000000, 64.861250
100.000000, 61.951250
100.000000, 59.051250
100.000000, 56.161250
100.000000, 53.281250
100.000000, 50.411250
100.000000, 47.551250
100.000000, 44.701250
100.000000, 41.861250
100.000000, 39.031250
100.000000, 36.211250
100.000000, 33.401250
100.000000, 30.601250
100.000000, 27.811250
100.000000, 25.031250
100.000000, 22.261250
100.000000, 19.501250
100.000000, 16.751250
100.000000, 14.011250
100.000000, 11.281250
100.000000, 8.561250
100.000000, 5.851250
100.000000, 3.151250
100.000000, 0.461250
100.000000, 357.781250
100.000000, 355.111250
100.000000, 352.451250
100.000000, 349.801250
100.000000, 347.161250
100.000000, 344.531250
100.000000, 341.911250
100.000000, 339.301250
100.000000, 336.701250
100.000000, 334.111250
100.000000, 331.531250
100.000000, 328.961250
100.000000, 326.401250
100.000000, 323.851250
100.000000, 321.311250
100.000000, 318.781250
100.000000, 316.261250
100.000000, 313.751250
100.000000, 311.251250
100.000000, 308.761250
100.000000, 306.281250
100.000000, 303.811250
100.000000, 301.351250
100.000000, 298.901250
100.000000, 296.461250
100.000000, 294.031250
100.000000, 291.611250
100.000000, 289.201250
100.000000, 286.801250
100.000000, 284.411250
100.000000, 282.031250
100.000000, 279.661250
100.000000, 277.301250
100.000000, 274.951250
100.000000, 272.611250
100.000000, 270.281250
100.000000, 267.961250
100.000000, 265.651250
100.000000, 263.351250
100.000000, 261.061250
100.000000, 258.781250
100.000000, 256.511250
100.000000, 254.251250
100.000000, 252.001250
100.000000, 249.761250
100.000000, 247.531250
100.000000, 245.311250
100.000000, 243.101250
100.000000, 240.901250
100.000000, 238.711250
100.000000, 236.531250
100.000000, 234.361250
100.000000, 232.201250
100.000000, 230.051250
100.000000, 227.911250
100.000000, 225.781250
100.000000, 223.661250
100.000000, 221.551250
100.000000, 219.451250
100.000000, 217.361250
100.000000, 215.281250
100.000000, 213.211250
100.000000, 211.151250
100.000000, 209.101250
100.000000, 207.061250
100.000000, 205.031250
100.000000, 203.011250
100.000000, 201.001250
100.000000, 199.001250
100.000000, 197.011250
100.000000, 195.031250
100.000000, 193.061250
100.000000, 191.101250
100.000000, 189.151250
100.000000, 187.211250
100.000000, 185.281250
100.000000, 183.361250
100.000000, 181.451250
100.000000, 179.551250
100.000000, 177.661250
100.000000, 175.781250
100.000000, 173.911250
100.000000, 172.051250
100.000000, 170.201250
100.000000, 168.361250
100.000000, 166.531250
100.000000, 164.711250
100.000000, 162.901250
100.000000, 161.101250
100.000000, 159.311250
100.000000, 157.531250
100.000000, 155.761250
100.000000, 154.001250
100.000000, 152.251250
100.000000, 150.511250
100.000000, 148.781250
100.000000, 147.061250
100.000000, 145.351250
100.000000, 143.651250
100.000000, 141.961250
100.000000, 140.281250
100.000000, 138.611250
100.000000, 136.951250
100.000000, 135.301250
100.000000, 133.661250
100.000000, 132.031250
100.000000, 130.411250
100.000000, 128.801250
100.000000, 127.201250
100.000000, 125.611250
100.000000, 124.031250
100.000000, 122.461250
100.000000, 120.901250
100.000000, 119.351250
100.000000, 117.811250
100.000000, 116.281250
100.000000, 114.761250
100.000000, 113.251250
100.000000, 111.751250
100.000000, 110.261250
100.000000, 108.781250
100.000000, 107.311250
100.000000, 105.851250
100.000000, 104.401250
100.000000, 102.961250
100.000000, 101.531250
100.000000, 100.111250
100.000000, 98.701250
100.000000, 97.301250
100.000000, 95.911250
100.000000, 94.531250
100.000000, 93.161250
100.000000, 91.801250
100.000000, 90.451250
100.000000, 89.111250
100.000000, 87.781250
100.000000, 86.461250
100.000000, 85.151250
100.000000, 83.851250
100.000000, 82.561250
100.000000, 81.281250
100.000000, 80.011250
100.000000, 78.751250
100.000000, 77.501250
100.000000, 76.261250
100.000000, 75.031250
100.000000, 73.811250
100.000000, 72.601250
100.000000, 71.401250
100.000000, 70.211250
100.000000, 69.031250
100.000000, 67.861250
100.000000, 66.701250
100.000000, 65.551250
100.000000, 64.411250
100.000000, 63.281250
100.000000, 62.161250
100.000000, 61.051250
100.000000, 59.951250
100.000000, 58.861250
100.000000, 57.781250
100.000000, 56.711250
100.000000, 55.651250
100.000000, 54.601250
100.000000, 53.561250
100.000000, 52.531250
100.000000, 51.511250
100.000000, 50.501250
100.000000, 49.501250
100.000000, 48.511250
100.000000, 47.531250
100.000000, 46.561250
100.000000, 45.601250
100.000000, 44.651250
100.000000, 43.711250
100.000000, 42.781250
100.000000, 41.861250
100.000000, 40.951250
100.000000, 40.051250
100.000000, 39.161250
100.000000, 38.281250
100.000000, 37.411250
100.000000, 36.551250
100.000000, 35.701250
100.000000, 34.861250
100.000000, 34.031250
100.000000, 33.211250
100.000000, 32.401250
100.000000, 31.601250
100.000000, 30.811250
100.000000, 30.031250
100.000000, 29.261250
100.000000, 28.501250
100.000000, 27.751250
100.000000, 27.011250
100.000000, 26.281250
100.000000, 25.561250
100.000000, 24.851250
100.000000, 24.151250
100.000000, 23.461250
100.000000, 22.781250
100.000000, 22.111250
100.000000, 21.451250
100.000000, 20.801250
100.000000, 20.161250
100.000000, 19.531250
100.000000, 18.911250
100.000000, 18.301250
100.000000, 17.701250
100.000000, 17.111250
100.000000, 16.531250
100.000000, 15.961250
100.000000, 15.401250
100.000000, 14.851250
100.000000, 14.311250
100.000000, 13.781250
100.000000, 13.261250
100.000000, 12.751250
100.000000, 12.251250
100.000000, 11.761250
100.000000, 11.281250
100.000000, 10.811250
100.000000, 10.351250
100.000000, 9.901250
100.000000, 9.461250
100.000000, 9.031250
100.000000, 8.611250
100.000000, 8.201250
100.000000, 7.801250
100.000000, 7.411250
100.000000, 7.031250
100.000000, 6.661250
100.000000, 6.301250
100.000000, 5.951250
100.000000, 5.611250
100.000000, 5.281250
100.000000, 4.961250
100.000000, 4.651250
100.000000, 4.351250
100.000000, 4.061250
100.000000, 3.781250
100.000000, 3.511250
100.000000, 3.251250
100.000000, 3.001250
100.000000, 2.761250
100.000000, 2.531250
100.000000, 2.311250
100.000000, 2.101250
100.000000, 1.901250
100.000000, 1.711250
100.000000, 1.531250
100.000000, 1.361250
100.000000, 1.201250
100.000000, 1.051250
100.000000, 0.911250
100.000000, 0.781250
100.000000, 0.661250
100.000000, 0.551250
100.000000, 0.451250
100.000000, 0.361250
100.000000, 0.281250
100.000000, 0.211250
100.000000, 0.151250
100.000000, 0.101250
100.000000, 0.061250
100.000000, 0.031250
100.000000, 0.011250
100.000000, 0.001250
100.000000, 0.001250
100.000000, 0.011250
100.000000, 0.031250
100.000000, 0.061250
100.000000, 0.101250
100.000000, 0.151250
100.000000, 0.211250
100.000000, 0.281250
100.000000, 0.361250
100.000000, 0.451250
100.000000, 0.551250
100.000000, 0.661250
100.000000, 0.781250
100.000000, 0.911250
100.000000, 1.051250
100.000000, 1.201250
100.000000, 1.361250
100.000000, 1.531250
100.000000, 1.711250
100.000000, 1.901250
100.000000, 2.101250
100.000000, 2.311250
100.000000, 2.531250
100.000000, 2.761250
100.000000, 3.001250
100.000000, 3.251250
100.000000, 3.511250
100.000000, 3.781250
100.000000, 4.061250
100.000000, 4.351250
100.000000, 4.651250
100.000000, 4.961250
100.000000, 5.281250
100.000000, 5.611250
100.000000, 5.951250
100.000000, 6.301250
100.000000, 6.661250
100.000000, 7.031250
100.000000, 7.411250
100.000000, 7.801250
100.000000, 8.201250
100.000000, 8.611250
100.000000, 9.031250
100.000000, 9.461250
100.000000, 9.901250
100.000000, 10.351250
100.000000, 10.811250
100.000000, 11.281250
100.000000, 11.761250
100.000000, 12.251250
100.000000, 12.751250
100.000000, 13.261250
100.000000, 13.781250
100.000000, 14.311250
100.000000, 14.851250
100.000000, 15.401250
100.000000, 15.961250
100.000000, 16.531250
100.000000, 17.111250
100.000000, 17.701250
100.000000, 18.301250
100.000000, 18.911250
100.000000, 19.531250
100.000000, 20.161250
100.000000, 20.801250
100.000000, 21.451250
100.000000, 22.111250
100.000000, 22.781250
100.000000, 23.461250
100.000000, 24.151250
100.000000, 24.851250
100.000000, 25.561250
100.000000, 26.281250
100.000000, 27.011250
100.000000, 27.751250
100.000000, 28.501250
100.000000, 29.261250
100.000000, 30.031250
100.000000, 30.811250
100.000000, 31.601250
100.000000, 32.401250
100.000000, 33.211250
100.000000, 34.031250
100.000000, 34.861250
100.000000, 35.701250
100.000000, 36.551250
100.000000, 37.411250
100.000000, 38.281250
100.000000, 39.161250
100.000000, 40.051250
100.000000, 40.951250
100.000000, 41.861250
100.000000, 42.781250
100.000000, 43.711250
100.000000, 44.651250
100.000000, 45.601250
100.000000, 46.561250
100.000000, 47.531250
100.000000, 48.511250
100.000000, 49.501250
100.000000, 50.501250
100.000000, 51.511250
100.000000, 52.531250
100.000000, 53.561250
100.000000, 54.601250
100.000000, 55.651250
100.000000, 56.711250
100.000000, 57.781250
100.000000, 58.861250
100.000000, 59.951250
100.000000, 61.051250
100.000000, 62.161250
100.000000, 63.281250
100.000000, 64.411250
100.000000, 65.551250
100.000000, 66.701250
100.000000, 67.861250
100.000000, 69.031250
100.000000, 70.211250
100.000000, 71.401250
100.000000, 72.601250
100.000000, 73.811250
100.000000, 75.031250
100.000000, 76.261250
100.000000, 77.501250
100.000000, 78.751250
100.000000, 80.011250
100.000000, 81.281250
100.000000, 82.561250
100.000000, 83.851250
100.000000, 85.151250
100.000000, 86.461250
100.000000, 87.781250
100.000000, 89.111250
100.000000, 90.451250
100.000000, 91.801250
100.000000, 93.161250
100.000000, 94.531250
100.000000, 95.911250
100.000000, 97.301250
100.000000, 98.701250
100.000000, 100.111250
100.000000, 101.531250
100.000000, 102.961250
100.000000, 104.401250
100.000000, 105.851250
100.000000, 107.311250
100.000000, 108.781250
100.000000, 110.261250
100.000000, 111.751250
100.000000, 113.251250
100.000000, 114.761250
100.000000, 116.281250
100.000000, 117.811250
100.000000, 119.351250
100.000000, 120.901250
100.000000, 122.461250
100.000000, 124.031250
100.000000, 125.611250
100.000000, 127.201250
100.000000, 128.801250
100.000000, 130.411250
100.000000, 132.031250
100.000000, 133.661250
100.000000, 135.301250
100.000000, 136.951250
100.000000, 138.611250
100.000000, 140.281250
100.000000, 141.961250
100.000000, 143.651250
100.000000, 145.351250
100.000000, 147.061250
100.000000, 148.781250
100.000000, 150.511250
100.000000, 152.251250
100.000000, 154.001250
100.000000, 155.761250
100.000000, 157.531250
100.000000, 159.311250
100.000000, 161.101250
100.000000, 162.901250
100.000000, 164.711250
100.000000, 166.531250
100.000000, 168.361250
100.000000, 170.201250
100.000000, 172.051250
100.000000, 173.911250
100.000000, 175.781250
100.000000, 177.661250
100.000000, 179.551250
100.000000, 181.451250
100.000000, 183.361250
100.000000, 185.281250
100.000000, 187.211250
100.000000, 189.151250
100.000000, 191.101250
100.000000, 193.061250
100.000000, 195.031250
100.000000, 197.011250
100.000000, 199.001250
100.000000, 201.001250
100.000000, 203.011250
100.000000, 205.031250
100.000000, 207.061250
100.000000, 209.101250
100.000000, 211.151250
100.000000, 213.211250
100.000000, 215.281250
100.000000, 217.361250
100.000000, 219.451250
100.000000, 221.551250
100.000000, 223.661250
100.000000, 225.781250
100.000000, 227.911250
100.000000, 230.051250
100.000000, 232.201250
100.000000, 234.361250
100.000000, 236.531250
100.000000, 238.711250
100.000000, 240.901250
100.000000, 243.101250
100.000000, 245.311250
100.000000, 247.531250
100.000000, 249.761250
100.000000, 252.001250
100.000000, 254.251250
100.000000, 256.511250
100.000000, 258.781250
100.000000, 261.061250
100.000000, 263.351250
100.000000, 265.651250
100.000000, 267.961250
100.000000, 270.281250
100.000000, 272.611250
100.000000, 274.951250
100.000000, 277.301250
100.000000, 279.661250
100.000000, 282.031250
100.000000, 284.411250
100.000000, 286.801250
100.000000, 289.201250
100.000000, 291.611250
100.000000, 294.031250
100.000000, 296.461250
100.000000, 298.901250
100.000000, 301.351250
100.000000, 303.811250
100.000000, 306.281250
100.000000, 308.761250
100.000000, 311.251250
100.000000, 313.751250
100.000000, 316.261250
100.000000, 318.781250
100.000000, 321.311250
100.000000, 323.851250
100.000000, 326.401250
100.000000, 328.961250
100.000000, 331.531250
100.000000, 334.111250
100.000000, 336.701250
100.000000, 339.301250
100.000000, 341.911250
100.000000, 344.531250
100.000000, 347.161250
100.000000, 349.801250
100.000000, 352.451250
100.000000, 355.111250
100.000000, 357.781250
100.000000, 0.461250
100.000000, 3.151250
100.000000, 5.851250
100.000000, 8.561250
100.000000, 11.281250
100.000000, 14.011250
100.000000, 16.751250
100.000000, 19.501250
100.000000, 22.261250
100.000000, 25.031250
100.000000, 27.811250
100.000000, 30.601250
100.000000, 33.401250
100.000000, 36.211250
100.000000, 39.031250
100.000000, 41.861250
100.000000, 44.701250
100.000000, 47.551250
100.000000, 50.411250
100.000000, 53.281250
100.000000, 56.161250
100.000000, 59.051250
100.000000, 61.951250
100.000000, 64.861250
100.000000, 67.781250
100.000000, 70.711250
100.000000, 73.651250
100.000000, 76.601250
100.000000, 79.561250
100.000000, 82.531250
100.000000, 85.511250
100.000000, 88.501250
100.000000, 91.501250
100.000000, 94.511250
100.000000, 97.531250
100.000000, 100.561250
100.000000, 103.601250
100.000000, 106.651250
100.000000, 109.711250
100.000000, 112.781250
100.000000, 115.861250
100.000000, 118.951250
100.000000, 122.051250
100.000000, 125.161250
100.000000, 128.281250
100.000000, 131.411250
100.000000, 134.551250
100.000000, 137.701250
100.000000, 140.861250
100.000000, 144.031250
100.000000, 147.211250
100.000000, 150.401250
100.000000, 153.601250
100.000000, 156.811250
100.000000, 160.031250
100.000000, 163.261250
100.000000, 166.501250
100.000000, 169.751250
100.000000, 173.011250
100.000000, 176.281250
100.000000, 179.561250
100.000000, 182.851250
100.000000, 186.151250
100.000000, 189.461250
100.000000, 192.781250
100.000000, 196.111250
100.000000, 199.451250
100.000000, 202.801250
100.000000, 206.161250
100.000000, 209.531250
100.000000, 212.911250
100.000000, 216.301250
100.000000, 219.701250
100.000000, 223.111250
100.000000, 226.531250
100.000000, 229.961250
100.000000, 233.401250
100.000000, 236.851250
100.000000, 240.311250
100.000000, 243.781250
100.000000, 247.261250
100.000000, 250.751250
100.000000, 254.251250
100.000000, 257.761250
100.000000, 261.281250
100.000000, 264.811250
100.000000, 268.351250
100.000000, 271.901250
100.000000, 275.461250
100.000000, 279.031250
100.000000, 282.611250
100.000000, 286.201250
100.000000, 289.801250
100.000000, 293.411250
100.000000, 297.031250
100.000000, 300.661250
100.000000, 304.301250
100.000000, 307.951250
100.000000, 311.611250
100.000000, 315.281250
100.000000, 318.961250
100.000000, 322.651250
100.000000, 326.351250
100.000000, 330.061250
100.000000, 333.781250
100.000000, 337.511250
100.000000, 341.251250
100.000000, 345.001250
100.000000, 348.761250
100.000000, 352.531250
100.000000, 356.311250
100.000000, 0.101250
100.000000, 3.901250
100.000000, 7.711250
100.000000, 11.531250
100.000000, 15.361250
100.000000, 19.201250
100.000000, 23.051250
100.000000, 26.911250
100.000000, 30.781250
100.000000, 34.661250
100.000000, 38.551250
100.000000, 42.451250
100.000000, 46.361250
100.000000, 50.281250
100.000000, 54.211250
100.000000, 58.151250
100.000000, 62.101250
100.000000, 66.061250
100.000000, 70.031250
100.000000, 74.011250
100.000000, 78.001250
100.000000, 82.001250
100.000000, 86.011250
100.000000, 90.031250
100.000000, 94.061250
100.000000, 98.101250
100.000000, 102.151250
100.000000, 106.211250
100.000000, 110.281250
100.000000, 114.361250
100.000000, 118.451250
100.000000, 122.551250
100.000000, 126.661250
100.000000, 130.781250
100.000000, 134.911250
100.000000, 139.051250
100.000000, 143.201250
100.000000, 147.361250
100.000000, 151.531250
100.000000, 155.711250
100.000000, 159.901250
100.000000, 164.101250
100.000000, 168.311250
100.000000, 172.531250
100.000000, 176.761250
100.000000, 181.001250
100.000000, 185.251250
100.000000, 189.511250
100.000000, 193.781250
100.000000, 198.061250
100.000000, 202.351250
100.000000, 206.651250
100.000000, 210.961250
100.000000, 215.281250
100.000000, 219.611250
100.000000, 223.951250
100.000000, 228.301250
100.000000, 232.661250
100.000000, 237.031250
100.000000, 241.411250
100.000000, 245.801250
100.000000, 250.201250
100.000000, 254.611250
100.000000, 259.031250
100.000000, 263.461250
100.000000, 267.901250
100.000000, 272.351250
100.000000, 276.811250
100.000000, 281.281250
100.000000, 285.761250
100.000000, 290.251250
100.000000, 294.751250
100.000000, 299.261250
100.000000, 303.781250
100.000000, 308.311250
100.000000, 312.851250
100.000000, 317.401250
100.000000, 321.961250
100.000000, 326.531250
100.000000, 331.111250
100.000000, 335.701250
100.000000, 340.301250
100.000000, 344.911250
100.000000, 349.531250
100.000000, 354.161250
100.000000, 358.801250
100.000000, 3.451250
100.000000, 8.111250
100.000000, 12.781250
100.000000, 17.461250
100.000000, 22.151250
100.000000, 26.851250
100.000000, 31.561250
100.000000, 36.281250
100.000000, 41.011250
100.000000, 45.751250
100.000000, 50.501250
100.000000, 55.261250
100.000000, 60.031250
100.000000, 64.811250
100.000000, 69.601250
100.000000, 74.401250
100.000000, 79.211250
100.000000, 84.031250
100.000000, 88.861250
100.000000, 93.701250
100.000000, 98.551250
100.000000, 103.411250
100.000000, 108.281250
100.000000, 113.161250
100.000000, 118.051250
100.000000, 122.951250
100.000000, 127.861250
100.000000, 132.781250
100.000000, 137.711250
100.000000, 142.651250
100.000000, 147.601250
100.000000, 152.561250
100.000000, 157.531250
100.000000, 162.511250
100.000000, 167.501250
100.000000, 172.501250
100.000000, 177.511250
100.000000, 182.531250
100.000000, 187.561250
100.000000, 192.601250
100.000000, 197.651250
100.000000, 202.711250
100.000000, 207.781250
100.000000, 212.861250
100.000000, 217.951250
100.000000, 223.051250
100.000000, 228.161250
100.000000, 233.281250
100.000000, 238.411250
100.000000, 243.551250
100.000000, 248.701250
100.000000, 253.861250
100.000000, 259.031250
100.000000, 264.211250
100.000000, 269.401250
100.000000, 274.601250
100.000000, 279.811250
100.000000, 285.031250
100.000000, 290.261250
100.000000, 295.501250
100.000000, 300.751250
100.000000, 306.011250
100.000000, 311.281250
100.000000, 316.561250
100.000000, 321.851250
100.000000, 327.151250
100.000000, 332.461250
100.000000, 337.781250
100.000000, 343.111250
100.000000, 348.451250
100.000000, 353.801250
100.000000, 359.161250
100.000000, 4.531250
100.000000, 9.911250
100.000000, 15.301250
100.000000, 20.701250
100.000000, 26.111250
100.000000, 31.531250
100.000000, 36.961250
100.000000, 42.401250
100.000000, 47.851250
100.000000, 53.311250
100.000000, 58.781250
100.000000, 64.261250
100.000000, 69.751250
100.000000, 75.251250
100.000000, 80.761250
100.000000, 86.281250
100.000000, 91.811250
100.000000, 97.351250
100.000000, 102.901250
100.000000, 108.461250
100.000000, 114.031250
100.000000, 119.611250
100.000000, 125.201250
100.000000, 130.801250
100.000000, 136.411250
100.000000, 142.031250
100.000000, 147.661250
100.000000, 153.301250
100.000000, 158.951250
100.000000, 164.611250
100.000000, 170.281250
100.000000, 175.961250
100.000000, 181.651250
100.000000, 187.351250
100.000000, 193.061250
100.000000, 198.781250
100.000000, 204.511250
100.000000, 210.251250
100.000000, 216.001250
100.000000, 221.761250
99.993967, 227.531250
99.975869, 233.311250
99.945707, 239.101250
99.903487, 244.901250
99.849211, 250.711250
99.782888, 256.531250
99.704526, 262.361250
99.614133, 268.201250
99.511720, 274.051250
99.397300, 279.911250
99.270887, 285.781250
99.132496, 291.661250
98.982144, 297.551250
98.819849, 303.451250
98.645630, 309.361250
98.459508, 315.281250
98.261506, 321.211250
98.051648, 327.151250
97.829959, 333.101250
97.596466, 339.061250
97.351197, 345.031250
97.094182, 351.011250
96.825451, 357.001250
96.545037, 3.001250
96.252974, 9.011250
95.949297, 15.031250
95.634043, 21.061250
95.307250, 27.101250
94.968957, 33.151250
94.619205, 39.211250
94.258036, 45.281250
93.885494, 51.361250
93.501624, 57.451250
93.106472, 63.551250
92.700086, 69.661250
92.282515, 75.781250
91.853808, 81.911250
91.414019, 88.051250
90.963200, 94.201250
90.501405, 100.361250
90.028690, 106.531250
89.545112, 112.711250
89.050730, 118.901250
88.545603, 125.101250
88.029792, 131.311250
87.503359, 137.531250
86.966368, 143.761250
86.418884, 150.001250
85.860972, 156.251250
85.292701, 162.511250
84.714138, 168.781250
84.125353, 175.061250
83.526418, 181.351250
82.917405, 187.651250
82.298387, 193.961250
81.669438, 200.281250
81.030636, 206.611250
80.382056, 212.951250
79.723777, 219.301250
79.055879, 225.661250
78.378442, 232.031250
77.691548, 238.411250
76.995280, 244.801250
76.289721, 251.201250
75.574957, 257.611250
74.851075, 264.031250
74.118161, 270.461250
73.376303, 276.901250
72.625593, 283.351250
71.866119, 289.811250
71.097974, 296.281250
70.321250, 302.761250
69.536041, 309.251250
68.742442, 315.751250
67.940548, 322.261250
67.130457, 328.781250
66.312266, 335.311250
65.486073, 341.851250
64.651979, 348.401250
63.810085, 354.961250
62.960490, 1.531250
62.103299, 8.111250
61.238615, 14.701250
60.366541, 21.301250
59.487184, 27.911250
58.600649, 34.531250
57.707043, 41.161250
56.806475, 47.801250
55.899052, 54.451250
54.984884, 61.111250
54.064082, 67.781250
53.136756, 74.461250
52.203019, 81.151250
51.262983, 87.851250
50.316762, 94.561250
49.364469, 101.281250
48.406221, 108.011250
47.442131, 114.751250
46.472317, 121.501250
45.496896, 128.261250
44.515985, 135.031250
43.529703, 141.811250
42.538168, 148.601250
41.541501, 155.401250
40.539822, 162.211250
39.533251, 169.031250
38.521910, 175.861250
37.505920, 182.701250
36.485406, 189.551250
35.460489, 196.411250
34.431293, 203.281250
33.397943, 210.161250
32.360563, 217.051250
31.319278, 223.951250
30.274215, 230.861250
29.225498, 237.781250
28.173256, 244.711250
27.117614, 251.651250
26.058699, 258.601250
24.996641, 265.561250
23.931566, 272.531250
22.863604, 279.511250
21.792884, 286.501250
20.719533, 293.501250
19.643683, 300.511250
18.565462, 307.531250
17.485002, 314.561250
16.402431, 321.601250
15.317882, 328.651250
14.231484, 335.711250
13.143369, 342.781250
12.053668, 349.861250
10.962513, 356.951250
9.870035, 4.051250
8.776366, 11.161250
7.681638, 18.281250
6.585983, 25.411250
5.489534, 32.551250
4.392422, 39.701250
3.294781, 46.861250
2.196741, 54.031250
1.098437, 61.211250
0.000000, 68.401250
##END=
